81 91 00 00 00 00 C0 10 AA AA AA AA AA AA 1E 05 01
00 00 00 00 80 10 68 58 06 00 04 11 00 68 11 04 34 34 39 38 31 16 08 
00 00 00 00 C0 AA 58 06 00 04 11 00 DD
00 00 00 00 00 24 68 58 06 00 04 11 00 68 91 18 34 34 39 38 39 76 33 33 33 33 33 33 94 4b 33 33 33 33 33 33 78 57 33 33 1d 16 43 
68 58 06 00 04 11 00 68 11 04 34 34 39 38 31 16
修改主节点地址
68 15 00 41 00 00 00 00 00 00 05 01 00 02 02 00 00 07 20 72 16 
68 15 00 41 00 00 00 00 00 00 05 01 00 03 02 00 00 07 20 73 16
读路由表
68 0f 00 41 00 00 00 00 00 00 66 02 00 A9 16  
清注册标志
68 0f 00 41 00 00 00 00 00 00 66 04 00 AB 16  
修改主节点地址
68 15 00 41 00 00 00 00 00 00 05 01 00 02 02 00 00 07 20 72 16 
68 15 00 41 00 00 00 00 00 00 05 01 00 03 02 00 00 07 20 73 16



67 1E 02 51 00 00 00 00 40 01 15 00 13 00 00 00 77 00 93 00 78 00 91 00 92 00 FF FF E4 16
/*广播注册帧*/
67 15 80 11 aa aa aa aa c0 10 AA AA AA AA AA AA 06 01 01 89 16 
67 15 80 11 00 00 00 00 C0 10 AA AA AA AA AA AA 06 00 01 E0 16
/*注册确认帧*/
67 12 81 11 00 00 00 00 C0 AA 25 00 13 00 00 00 AD 16
44 33
67 12 81 11 00 00 00 00 C0 AA 63 06 00 04 11 00 F3 16 
67 12 81 11 00 00 00 00 C0 AA 50 06 00 04 11 00 E0 16  
/*抄表确认帧*/
67 12 81 11 03 02 03 02 C0 A0 63 06 00 04 11 00 F3 16  
67 12 81 11 03 02 03 02 C0 A0 16 06 00 04 11 00 A6 16    
/*获取附近表地址*/
67 15 81 91 00 00 00 00 C0 30 13 00 13 00 00 00 10 10 01 C5 16   
67 15 81 91 00 00 00 00 C0 30 50 06 00 04 11 00 10 10 01 0A 16
67 15 81 11 00 00 00 00 C0 30 16 06 00 04 11 00 10 10 01 50 16 
67 15 81 91 00 00 00 00 C0 30 50 06 00 04 11 00 10 10 01 0A 16
67 15 81 91 00 00 00 00 C0 30 16 06 00 04 11 00 10 10 01 D0 16    
 
/*单时间片，不跨相抄表*/
68 16 06 00 04 11 00 68 11 04 34 34 39 38 EF 16  

67 18 81 51 00 00 00 00 80 10 68 aa aa aa aa aa aa 68 13 00 DF 16 B5 16  
67 1C 81 11 00 00 00 00 80 10 68 13 00 13 00 00 00 68 11 04 34 34 39 38 E4 16 83 16 
67 1C 81 11 00 00 00 00 80 10 68 16 06 00 04 11 00 68 11 04 34 34 39 38 EF 16 99 16 
67 1C 81 51 00 00 00 00 80 10 68 16 06 00 04 11 00 68 11 04 34 34 39 38 EF 16 D9 16 
 
/*单时间片，跨相抄表*/
67 1C 80 51 00 00 00 00 80 10 68 77 06 00 04 11 00 68 11 04 34 34 39 38 50 16 9a 16
67 1C 81 51 00 00 00 00 80 10 68 77 06 00 04 11 00 68 11 04 34 34 39 38 50 16 9b 16
67 1C 82 51 00 00 00 00 80 10 68 77 06 00 04 11 00 68 11 04 34 34 39 38 50 16 9c 16
67 1C 83 51 00 00 00 00 80 10 68 77 06 00 04 11 00 68 11 04 34 34 39 38 50 16 9D 16
67 1C 81 51 00 00 00 00 80 10 68 13 00 13 00 00 00 68 11 04 34 34 39 38 E4 16 C3 16
/*单时间片，不跨相抄表*/
67 1C 81 11 00 00 00 00 80 10 68 05 00 13 00 00 00 68 11 04 34 34 39 38 D6 16 67 16
/*单时间片，跨相抄表*/
67 1C 81 51 00 00 00 00 80 10 68 05 00 13 00 00 00 68 11 04 34 34 39 38 D6 16 A7 16 
/*单时间片，不跨相抄表*/
67 1C 81 11 00 00 00 00 80 10 68 90 00 13 00 00 00 68 11 04 34 34 39 38 61 16 7D 16   
/*单时间片，跨相抄表*/ 
67 1C 81 51 00 00 00 00 80 10 68 90 00 13 00 00 00 68 11 04 34 34 39 38 61 16 BD 16  
/*三时间片，可跨相路由抄表*/ 
67 1E 81 D2 00 00 00 00 13 00 80 10 68 05 00 13 00 00 00 68 11 04 34 34 39 38 D6 16 3D 16  
/*三时间片，不可跨相路由抄表*/ 
67 1E 81 92 00 00 00 00 13 00 80 10 68 05 00 13 00 00 00 68 11 04 34 34 39 38 D6 16 FD 16 
/*单时间片，可跨相路由抄表*/ 
67 1E 81 52 00 00 00 00 13 00 80 10 68 05 00 13 00 00 00 68 11 04 34 34 39 38 D6 16 BD 16
/*单时间片，不可跨相路由抄表*/ 
67 1E 81 12 00 00 00 00 13 00 80 10 68 05 00 13 00 00 00 68 11 04 34 34 39 38 D6 16 7D 16 
68 2d 00 41 04 00 00 00 00 00 02 02 00 00 07 20 56 06 00 04 11 00 02 01 00 02 10 68 56 06 00 04 11 00 68 11 04 34 33 39 38 2E 16 68 16
68 2d 00 41 04 00 00 00 00 00 02 02 00 00 07 20 62 06 00 04 11 00 02 01 00 02 10 68 62 06 00 04 11 00 68 11 04 34 33 39 38 3A 16 8C 16
68 2d 00 41 04 00 00 00 00 00 02 02 00 00 07 20 17 06 00 04 11 00 02 01 00 02 10 68 17 06 00 04 11 00 68 11 04 34 34 39 38 F0 16 AD 16
68 2d 00 41 04 00 00 00 00 00 02 02 00 00 07 20 59 03 83 98 00 10 02 01 00 02 10 68 59 03 83 98 00 10 68 11 04 34 33 39 38 38 16 9E 16
68 2d 00 41 04 00 00 00 00 00 02 02 00 00 07 20 44 94 82 98 00 01 02 01 00 02 10 68 44 94 82 98 00 01 68 11 04 34 33 39 38 A4 16 E2 16
68 2d 00 41 04 00 00 00 00 00 02 02 00 00 07 20 45 94 82 98 00 01 02 01 00 02 10 68 45 94 82 98 00 01 68 11 04 34 33 39 38 A5 16 E5 16
68 2d 00 41 04 00 00 00 00 00 02 02 00 00 07 20 71 08 07 99 00 01 02 01 00 02 10 68 71 08 07 99 00 01 68 11 04 34 33 39 38 CB 16 57 16
68 2d 00 41 04 00 00 00 00 00 02 02 00 00 07 20 43 97 82 98 00 01 02 01 00 02 10 68 43 97 82 98 00 01 68 11 04 34 33 39 38 A6 16 E8 16
68 2d 00 41 04 00 00 00 00 00 02 02 00 00 07 20 83 18 83 98 00 01 02 01 00 02 10 68 83 18 83 98 00 01 68 11 04 34 33 39 38 68 16 2E 16
68 2d 00 41 04 00 00 00 00 00 02 02 00 00 07 20 09 02 07 99 00 01 02 01 00 02 10 68 09 02 07 99 00 01 68 11 04 34 33 39 38 5D 16 0D 16
68 2d 00 41 04 00 00 00 00 00 02 02 00 00 07 20 80 98 06 99 00 01 02 01 00 02 10 68 80 98 06 99 00 01 68 11 04 34 33 39 38 69 16 31 16
68 2d 00 41 04 00 00 00 00 00 02 02 00 00 07 20 57 06 07 99 00 01 02 01 00 02 10 68 57 06 07 99 00 01 68 11 04 34 33 39 38 AF 16 03 16
68 2d 00 41 04 00 00 00 00 00 02 02 00 00 07 20 17 12 83 98 00 01 02 01 00 02 10 68 17 12 83 98 00 01 68 11 04 34 33 39 38 F6 16 D8 16
68 0f 00 41 00 00 00 00 00 00 66 02 00 A9 16  


68 2d 00 41 04 00 00 00 00 00 02 02 00 00 07 20 51 00 83 98 00 01 02 01 00 02 10 68 51 00 83 98 00 01 68 11 04 33 32 34 33 1E 16 44 16 
68 2d 00 41 04 00 00 00 00 00 02 02 00 00 07 20 52 00 83 98 00 01 02 01 00 02 10 68 52 00 83 98 00 01 68 11 04 33 32 34 33 1F 16 47 16  
68 2d 00 41 04 00 00 00 00 00 02 02 00 00 07 20 54 00 83 98 00 01 02 01 00 02 10 68 54 00 83 98 00 01 68 11 04 33 32 34 33 21 16 4D 16
68 2d 00 41 04 00 00 00 00 00 02 02 00 00 07 20 59 00 83 98 00 01 02 01 00 02 10 68 59 00 83 98 00 01 68 11 04 33 32 34 33 26 16 5C 16 
68 2d 00 41 04 00 00 00 00 00 02 02 00 00 07 20 30 97 82 98 00 01 02 01 00 02 10 68 30 97 82 98 00 01 68 11 04 33 32 34 33 93 16 A3 16 
68 2d 00 41 04 00 00 00 00 00 02 02 00 00 07 20 31 97 82 98 00 01 02 01 00 02 10 68 31 97 82 98 00 01 68 11 04 33 32 34 33 94 16 A6 16 
68 2d 00 41 04 00 00 00 00 00 02 02 00 00 07 20 88 83 28 20 01 01 02 01 00 02 10 68 88 83 28 20 01 01 68 11 04 33 32 34 33 06 16 FC 16 
68 2d 00 41 04 00 00 00 00 00 02 02 00 00 07 20 76 12 07 99 00 01 02 01 00 02 10 68 76 12 07 99 00 01 68 11 04 33 32 34 33 DA 16 78 16
68 2d 00 41 04 00 00 00 00 00 02 02 00 00 07 20 45 13 07 99 00 01 02 01 00 02 10 68 45 13 07 99 00 01 68 11 04 33 32 34 33 AA 16 E8 16 

68 2d 00 41 04 00 00 00 00 00 02 02 00 00 07 20 20 13 83 98 00 01 02 01 00 02 10 68 20 13 83 98 00 01 68 11 04 33 32 34 33 00 16 EA 16 
68 2d 00 41 04 00 00 00 00 00 02 02 00 00 07 20 18 12 83 98 00 01 02 01 00 02 10 68 18 12 83 98 00 01 68 11 04 33 32 34 33 F7 16 CF 16
68 2d 00 41 04 00 00 00 00 00 02 02 00 00 07 20 44 94 82 98 00 01 02 01 00 02 10 68 44 94 82 98 00 01 68 11 04 33 32 34 33 A4 16 D6 16 

/*抄表*/
68 77 06 00 04 11 00 68 11 04 34 34 39 38 50 16
68 02 00 00 00 00 00 68 11 04 34 34 39 38 C0 16 
67 1C 80 51 00 00 00 00 80 10 68 01 00 00 00 00 00 68 11 04 34 34 39 38 BF 16 78 16 
/*读事件*/
68 02 00 00 00 00 00 68 11 04 34 48 33 37 CD 16 
67 1C 80 51 00 00 00 00 80 10 68 02 00 00 00 00 00 68 11 04 34 48 33 37 CD 16 94 16  
/*复位主动上报命令*/
68 02 00 00 00 00 00 68 14 18 36 48 33 37 35 33 33 33 AB 89 67 45 33 33 33 33 33 33 33 33 33 33 33 33 F8 16
67 30 80 51 00 00 00 00 80 24 68 02 00 00 00 00 00 68 14 18 36 48 33 37 35 33 33 33 AB 89 67 45 33 33 33 33 33 33 33 33 33 33 33 33 F8 16 12 16 
/*广播效时*/
68 02 00 00 00 00 00 68 14 13 3F 34 33 37 35 33 33 33 AB 89 67 45 83 5B 3C 39 5C 44 47 BE 16  
67 2b 80 51 00 00 00 00 80 1f 68 02 00 00 00 00 00 68 14 13 3F 34 33 37 35 33 33 33 AB 89 67 45 83 5B 3C 39 5C 44 47 BE 16 94 16   
/*抄表确认帧*/
67 12 81 11 00 00 00 00 C0 A0 02 00 00 00 00 00 6D 16

/*版本号*/
67 12 81 11 00 00 00 00 C0 40 02 00 00 00 00 00 0D 16 
/*事件开关*/  
67 14 81 11 00 00 00 00 C0 50 02 00 00 00 00 00 00 00 1f 16   
67 14 81 11 00 00 00 00 C0 51 02 00 00 00 00 00 03 00 23 16 
67 14 81 11 00 00 00 00 C0 51 02 00 00 00 00 00 00 01 21 16 
/**复位/  
67 14 81 11 00 00 00 00 C0 60 02 00 00 00 00 00 ff ff 2D 16  
/*长数据*/
68 02 00 00 00 00 00 68 11 04 34 32 34 4C CD 16 
67 1C 80 51 00 00 00 00 80 10 68 02 00 00 00 00 00 68 11 04 34 32 34 4C CD 16 94 16 
读路由表
68 0f 00 41 00 00 00 00 00 00 66 02 00 A9 16  
清注册标志
68 0f 00 41 00 00 00 00 00 00 66 04 00 AB 16  
修改主节点地址
68 15 00 41 00 00 00 00 00 00 05 01 00 02 02 00 00 07 20 72 16 
68 15 00 41 00 00 00 00 00 00 05 01 00 03 02 00 00 07 20 73 16

68 0f 00 41 00 00 00 00 00 00 12 02 00 55 16 
68 0f 00 41 00 00 00 00 00 00 12 01 00 54 16 

67 1C 83 91 58 03 58 03 80 10 68 40 27 28 20 01 01 68 11 04 34 34 39 38 6F 16 D1 16 
67 1C 83 91 02 02 02 02 80 10 68 57 00 83 98 00 01 68 11 04 34 34 39 38 31 16 A7 16 

68 62 06 00 04 11 00 68 11 04 34 34 39 38 3B  
67 1C 83 91 03 02 03 02 80 10 68 56 06 00 04 11 00 68 11 04 34 34 39 38 2F 16 A5 16

67 1E C0 92 02 02 02 02 17 06 80 10 68 56 06 00 04 11 00 68 11 04 33 32 34 33 22 16 E6 16 
68 11 11 11 11 11 11 68 93 06 44 44 44 44 44 44 67 16 
68 11 11 11 11 11 11 68 91 18 34 34 39 38 33 33 33 33 33 33 33 33 33 33 33 33 33 33 33 33 33 33 33 33 B4 16



67 08 01 2F 2E 50 2C 16 

67 08 01 24 23 6C 23 16 

68 28 97 82 98 00 01 68 11 04 34 33 39 89 E8

68 1C 00 82 04 00 40 00 00 00 62 06 00 04 11 00 02 02 00 00 07 20 00 02 00 08 78 16 

68 0F 00 41 00 00 28 00 00 1D 03 02 01 8C 16 
/*硬件信息*/
68 0F 00 41 00 00 28 00 00 01 03 02 01 70 16
/*版本信息*/
68 0F 00 41 00 00 28 00 00 01 03 01 00 6E 16 
/*主节点地址*/
68 0F 00 41 00 00 28 00 00 01 03 08 00 75 16 
/*状态与通信速度*/
68 0F 00 41 00 00 28 00 00 01 03 10 00 7D 16
/*设置主节点*/ 
68 15 00 41 00 00 28 00 00 03 05 01 00 30 38 01 05 61 00 41 16
点抄
68 2F 00 41 04 00 28 00 00 08 01 00 00 00 10 00 05 00 00 00 00 00 13 01 00 02 00 00 10 68 01 00 00 00 00 00 68 11 04 34 33 39 38 BE 16 43 16 
68 2F 00 41 04 00 28 00 00 08 01 00 00 00 10 00 84 06 00 04 11 00 13 01 00 02 00 00 10 68 84 06 00 04 11 00 68 11 04 34 33 39 38 5C 16 19 16 
68 2F 00 41 04 00 28 00 00 08 01 00 00 00 10 00 11 11 11 11 11 11 13 01 00 02 00 00 10 68 11 11 11 11 11 11 68 11 04 34 33 39 38 23 16 6E 16 
/*查询从节点数量*/
68 0F 00 41 00 00 28 00 00 04 10 01 00 7E 16
/*查询从节点信息*/
68 12 00 41 00 00 28 00 00 06 10 02 00 01 00 0F 91 16

68 0F 00 41 00 00 28 00 00 04 10 04 00 81 16
68 0F 00 41 00 00 28 00 00 04 10 08 00 85 16

通信延时相关点抄
68 2F 00 41 04 00 28 00 00 08 01 00 00 00 10 00 05 00 00 00 00 00 13 01 00 02 01 00 10 68 05 00 00 00 00 00 68 11 04 34 33 39 38 C2 16 4C 16 
依据通信延时修正
68 20 00 41 00 00 28 00 00 01 14 04 00 10 68 05 00 00 00 00 00 68 11 04 34 34 39 38 C3 16 2E 16 
68 2C 00 41 04 00 28 00 00 01 01 00 00 00 10 00 05 00 00 00 00 00 14 04 00 10 68 05 00 00 00 00 00 68 11 04 34 34 39 38 C3 16 48 16 
激活注册
68 19 00 41 00 EE 28 00 00 13 11 10 00 30 47 09 05 05 14 0A 00 05 05 3D 16 
68 19 00 41 00 EE 28 00 00 12 11 10 00 00 31 00 13 05 14 0A 00 05 05 FB 16 
终止注册
68 0F 00 41 00 EE 28 00 00 12 11 20 00 9A 16 
读工作状态
68 0F 00 41 00 EE 28 00 00 14 10 08 00 83 16 
68 0F 00 41 00 00 28 00 00 0F 10 08 00 90 16
请求时钟
68 15 00 41 00 00 28 00 00 01 14 02 00 52 56 23 12 05 14 76 16 
广播延时查询
68 21 00 41 00 EE 28 00 00 12 03 01 01 02 10 68 05 00 00 00 00 00 68 11 04 34 33 39 38 C2 16 1A 16 
启动广播
68 21 00 41 00 EE 28 00 00 12 05 04 00 02 10 68 05 00 00 00 00 00 68 11 04 34 33 39 38 C2 16 1E 16
确认帧
68 15 00 41 00 EE 28 00 00 12 00 01 00 FF FF FF FF 00 00 66 16 
添加从节点
68 95 00 41 00 EE 28 00 00 06 11 01 00 13 05 00 00 00 00 00 02 00 00 00 00 00 10 02 00 00 00 00 00 20 02 00 00 00 00 00 30 02 00 00 00 00 00 40 02 00 00 00 00 00 50 02 00 00 00 00 00 60 02 00 00 00 00 00 70 02 00 00 00 00 00 80 02 00 00 00 00 00 90 02 00 00 00 00 00 11 02 00 00 00 00 00 12 02 00 00 00 00 00 13 02 00 00 00 00 00 14 02 00 00 00 00 00 15 02 00 00 00 00 00 18 02 00 00 00 00 00 17 02 00 00 00 00 00 19 02 00 00 00 00 00 21 02 45 16
查询从节点信息
68 12 00 41 00 00 28 00 00 07 10 02 00 01 10 0A 9D 16
读所有档案。
68 0F 00 41 00 00 28 00 00 07 F0 00 00 60 16
读所有路由表
68 0F 00 41 00 00 28 00 00 07 F1 00 00 61 16
68 0F 00 41 00 00 28 00 00 07 F2 00 00 62 16
参数初始化。初始化档案、路由表、附近表号。
68 0F 00 41 00 00 28 00 00 07 01 02 00 73 16

68 2F 00 41 04 00 28 00 00 04 21 02 00 00 10 00 39 00 13 00 00 00 13 01 00 02 00 00 10 68 39 00 13 00 00 00 68 11 04 34 35 39 38 0B 16 42 16
68 12 00 41 00 00 28 00 00 08 10 02 00 0B 00 0A 98 16 C0 80 00 00